		pMES_Name_ManualOrderStart : Ludt_MES_Main (Class := Standard) := [0,0,[0,'$00$00$00$00$00$00$00$00$00$00$00$00$00$00$00$00$00$00$00$00$00$00$00$00$00$00$00$00$00$00$00$00$00$00$00$00$00$00$00$00$00$00$00$00$00$00$00$00$00$00$00$00$00$00$00$00$00$00$00$00$00$00$00$00$00$00$00$00$00$00$00$00$00$00$00$00$00$00$00$00$00$00'
				],[0,0],[[1,[[[[0,'$00$00$00$00$00$00$00$00$00$00$00$00$00$00$00$00$00$00$00$00$00$00$00$00$00'
				],[0,'$00$00$00$00$00$00$00$00$00$00$00$00$00$00$00$00$00$00$00$00'],[0,'$00$00$00$00$00$00$00$00$00$00$00$00$00$00$00$00$00$00$00$00'
				],0,0,0,0,[0,'$00$00$00$00$00$00$00$00$00$00$00$00$00$00$00$00$00$00$00$00$00$00$00$00$00'
				],0,0,0,0,0,0],0],[[[0,'$00$00$00$00$00$00$00$00$00$00$00$00$00$00$00$00$00$00$00$00$00$00$00$00$00'
				],[0,'$00$00$00$00$00$00$00$00$00$00$00$00$00$00$00$00$00$00$00$00'],[0,'$00$00$00$00$00$00$00$00$00$00$00$00$00$00$00$00$00$00$00$00'
				],0,0,0,0,[0,'$00$00$00$00$00$00$00$00$00$00$00$00$00$00$00$00$00$00$00$00$00$00$00$00$00'
				],0,0,0,0,0,0],[0,'$00$00$00$00$00$00$00$00$00$00$00$00$00$00$00$00$00$00$00$00'],[0,'$00$00$00$00$00$00$00$00$00$00$00$00$00$00$00$00$00$00$00$00'
				],[0,'$00$00$00$00$00$00$00$00$00$00$00$00$00$00$00$00$00$00$00$00'],[0,'$00$00$00$00$00$00$00$00$00$00$00$00$00$00$00$00$00$00$00$00'
				]]],0,[1,0,0,0,0,0],0,[[1,0,0,0,0,0],[0,0,0,0,0,0]],0,[0,0,0,0,0,0,0,0,0,0,0,0,0],[1,0,0,0,0,0],[1,0,0,0,0,0],[1,0,0,0,0,0],[1,0,0,0,0,0],0,0,0,0,0,0,0,0,0,0,0,[0,'$00$00$00$00$00$00$00$00$00$00$00$00$00$00$00$00$00$00$00$00'
				],0,[0,'$00$00$00$00$00$00$00$00$00$00$00$00$00$00$00$00$00$00$00$00'],0,[0,'$00$00$00$00$00$00$00$00$00$00$00$00$00$00$00$00$00$00$00$00'
				],0,[0,'$00$00$00$00$00$00$00$00$00$00$00$00$00$00$00$00$00$00$00$00'],[1,0,0,0,0,0],[1,0,0,0,0,0],[1,0,0,0,0
				,0]],[0,'$00$00$00$00$00$00$00$00$00$00$00$00$00$00$00$00$00$00$00$00$00$00$00$00$00$00$00$00$00$00$00$00$00$00$00$00$00$00$00$00$00$00$00$00$00$00$00$00$00$00$00$00$00$00$00$00$00$00$00$00$00$00$00$00$00$00$00$00$00$00$00$00$00$00$00$00$00$00$00$00$00$00'
				],[[0,'$00$00$00$00$00$00$00$00$00$00$00$00$00$00$00$00$00$00$00$00$00$00$00$00$00'],[0,'$00$00$00$00$00$00$00$00$00$00$00$00$00$00$00$00$00$00$00$00'
				],[0,'$00$00$00$00$00$00$00$00$00$00$00$00$00$00$00$00$00$00$00$00'],0,0,0,0,[0,'$00$00$00$00$00$00$00$00$00$00$00$00$00$00$00$00$00$00$00$00$00$00$00$00$00'
				],0,0,0,0,0,0,0,0,0,[0,0,0,0,0,0,0,0,0,0,0,0,0,0,0,0,0,0,0,0]],[0],[0,0,0,0,0,0,0,0,0,0]],[[1,[[[[0,'$00$00$00$00$00$00$00$00$00$00$00$00$00$00$00$00$00$00$00$00$00$00$00$00$00'
				],[0,'$00$00$00$00$00$00$00$00$00$00$00$00$00$00$00$00$00$00$00$00'],[0,'$00$00$00$00$00$00$00$00$00$00$00$00$00$00$00$00$00$00$00$00'
				],0,0,0,0,[0,'$00$00$00$00$00$00$00$00$00$00$00$00$00$00$00$00$00$00$00$00$00$00$00$00$00'
				],0,0,0,0,0,0],0],[[[0,'$00$00$00$00$00$00$00$00$00$00$00$00$00$00$00$00$00$00$00$00$00$00$00$00$00'
				],[0,'$00$00$00$00$00$00$00$00$00$00$00$00$00$00$00$00$00$00$00$00'],[0,'$00$00$00$00$00$00$00$00$00$00$00$00$00$00$00$00$00$00$00$00'
				],0,0,0,0,[0,'$00$00$00$00$00$00$00$00$00$00$00$00$00$00$00$00$00$00$00$00$00$00$00$00$00'
				],0,0,0,0,0,0],[0,'$00$00$00$00$00$00$00$00$00$00$00$00$00$00$00$00$00$00$00$00'],[0,'$00$00$00$00$00$00$00$00$00$00$00$00$00$00$00$00$00$00$00$00'
				],[0,'$00$00$00$00$00$00$00$00$00$00$00$00$00$00$00$00$00$00$00$00'],[0,'$00$00$00$00$00$00$00$00$00$00$00$00$00$00$00$00$00$00$00$00'
				]]],0,[1,0,0,0,0,0],0,[[1,0,0,0,0,0],[0,0,0,0,0,0]],0,[0,0,0,0,0,0,0,0,0,0,0,0,0],[1,0,0,0,0,0],[1,0,0,0,0,0],[1,0,0,0,0,0],[1,0,0,0,0,0],0,0,0,0,0,0,0,0,0,0,0,[0,'$00$00$00$00$00$00$00$00$00$00$00$00$00$00$00$00$00$00$00$00'
				],0,[0,'$00$00$00$00$00$00$00$00$00$00$00$00$00$00$00$00$00$00$00$00'],0,[0,'$00$00$00$00$00$00$00$00$00$00$00$00$00$00$00$00$00$00$00$00'
				],0,[0,'$00$00$00$00$00$00$00$00$00$00$00$00$00$00$00$00$00$00$00$00'],[1,0,0,0,0,0],[1,0,0,0,0,0],[1,0,0,0,0
				,0]],[0,'$00$00$00$00$00$00$00$00$00$00$00$00$00$00$00$00$00$00$00$00$00$00$00$00$00$00$00$00$00$00$00$00$00$00$00$00$00$00$00$00$00$00$00$00$00$00$00$00$00$00$00$00$00$00$00$00$00$00$00$00$00$00$00$00$00$00$00$00$00$00$00$00$00$00$00$00$00$00$00$00$00$00'
				],[[0,'$00$00$00$00$00$00$00$00$00$00$00$00$00$00$00$00$00$00$00$00$00$00$00$00$00'],[0,'$00$00$00$00$00$00$00$00$00$00$00$00$00$00$00$00$00$00$00$00'
				],[0,'$00$00$00$00$00$00$00$00$00$00$00$00$00$00$00$00$00$00$00$00'],0,0,0,0,[0,'$00$00$00$00$00$00$00$00$00$00$00$00$00$00$00$00$00$00$00$00$00$00$00$00$00'
				],0,0,0,0,0,0,0,0,0,[0,0,0,0,0,0,0,0,0,0,0,0,0,0,0,0,0,0,0,0]],[0],[0,0,0,0,0,0,0,0,0,0]],[0,0,0,[0,0,0],0]];
		pMES_Name_MESTakeInOut : Ludt_MES_Main (Class := Standard) := [0,0,[0,'$00$00$00$00$00$00$00$00$00$00$00$00$00$00$00$00$00$00$00$00$00$00$00$00$00$00$00$00$00$00$00$00$00$00$00$00$00$00$00$00$00$00$00$00$00$00$00$00$00$00$00$00$00$00$00$00$00$00$00$00$00$00$00$00$00$00$00$00$00$00$00$00$00$00$00$00$00$00$00$00$00$00'
				],[0,0],[[1,[[[[0,'$00$00$00$00$00$00$00$00$00$00$00$00$00$00$00$00$00$00$00$00$00$00$00$00$00'
				],[0,'$00$00$00$00$00$00$00$00$00$00$00$00$00$00$00$00$00$00$00$00'],[0,'$00$00$00$00$00$00$00$00$00$00$00$00$00$00$00$00$00$00$00$00'
				],0,0,0,0,[0,'$00$00$00$00$00$00$00$00$00$00$00$00$00$00$00$00$00$00$00$00$00$00$00$00$00'
				],0,0,0,0,0,0],0],[[[0,'$00$00$00$00$00$00$00$00$00$00$00$00$00$00$00$00$00$00$00$00$00$00$00$00$00'
				],[0,'$00$00$00$00$00$00$00$00$00$00$00$00$00$00$00$00$00$00$00$00'],[0,'$00$00$00$00$00$00$00$00$00$00$00$00$00$00$00$00$00$00$00$00'
				],0,0,0,0,[0,'$00$00$00$00$00$00$00$00$00$00$00$00$00$00$00$00$00$00$00$00$00$00$00$00$00'
				],0,0,0,0,0,0],[0,'$00$00$00$00$00$00$00$00$00$00$00$00$00$00$00$00$00$00$00$00'],[0,'$00$00$00$00$00$00$00$00$00$00$00$00$00$00$00$00$00$00$00$00'
				],[0,'$00$00$00$00$00$00$00$00$00$00$00$00$00$00$00$00$00$00$00$00'],[0,'$00$00$00$00$00$00$00$00$00$00$00$00$00$00$00$00$00$00$00$00'
				]]],0,[1,0,0,0,0,0],0,[[1,0,0,0,0,0],[0,0,0,0,0,0]],0,[0,0,0,0,0,0,0,0,0,0,0,0,0],[1,0,0,0,0,0],[1,0,0,0,0,0],[1,0,0,0,0,0],[1,0,0,0,0,0],0,0,0,0,0,0,0,0,0,0,0,[0,'$00$00$00$00$00$00$00$00$00$00$00$00$00$00$00$00$00$00$00$00'
				],0,[0,'$00$00$00$00$00$00$00$00$00$00$00$00$00$00$00$00$00$00$00$00'],0,[0,'$00$00$00$00$00$00$00$00$00$00$00$00$00$00$00$00$00$00$00$00'
				],0,[0,'$00$00$00$00$00$00$00$00$00$00$00$00$00$00$00$00$00$00$00$00'],[1,0,0,0,0,0],[1,0,0,0,0,0],[1,0,0,0,0
				,0]],[0,'$00$00$00$00$00$00$00$00$00$00$00$00$00$00$00$00$00$00$00$00$00$00$00$00$00$00$00$00$00$00$00$00$00$00$00$00$00$00$00$00$00$00$00$00$00$00$00$00$00$00$00$00$00$00$00$00$00$00$00$00$00$00$00$00$00$00$00$00$00$00$00$00$00$00$00$00$00$00$00$00$00$00'
				],[[0,'$00$00$00$00$00$00$00$00$00$00$00$00$00$00$00$00$00$00$00$00$00$00$00$00$00'],[0,'$00$00$00$00$00$00$00$00$00$00$00$00$00$00$00$00$00$00$00$00'
				],[0,'$00$00$00$00$00$00$00$00$00$00$00$00$00$00$00$00$00$00$00$00'],0,0,0,0,[0,'$00$00$00$00$00$00$00$00$00$00$00$00$00$00$00$00$00$00$00$00$00$00$00$00$00'
				],0,0,0,0,0,0,0,0,0,[0,0,0,0,0,0,0,0,0,0,0,0,0,0,0,0,0,0,0,0]],[0],[0,0,0,0,0,0,0,0,0,0]],[[1,[[[[0,'$00$00$00$00$00$00$00$00$00$00$00$00$00$00$00$00$00$00$00$00$00$00$00$00$00'
				],[0,'$00$00$00$00$00$00$00$00$00$00$00$00$00$00$00$00$00$00$00$00'],[0,'$00$00$00$00$00$00$00$00$00$00$00$00$00$00$00$00$00$00$00$00'
				],0,0,0,0,[0,'$00$00$00$00$00$00$00$00$00$00$00$00$00$00$00$00$00$00$00$00$00$00$00$00$00'
				],0,0,0,0,0,0],0],[[[0,'$00$00$00$00$00$00$00$00$00$00$00$00$00$00$00$00$00$00$00$00$00$00$00$00$00'
				],[0,'$00$00$00$00$00$00$00$00$00$00$00$00$00$00$00$00$00$00$00$00'],[0,'$00$00$00$00$00$00$00$00$00$00$00$00$00$00$00$00$00$00$00$00'
				],0,0,0,0,[0,'$00$00$00$00$00$00$00$00$00$00$00$00$00$00$00$00$00$00$00$00$00$00$00$00$00'
				],0,0,0,0,0,0],[0,'$00$00$00$00$00$00$00$00$00$00$00$00$00$00$00$00$00$00$00$00'],[0,'$00$00$00$00$00$00$00$00$00$00$00$00$00$00$00$00$00$00$00$00'
				],[0,'$00$00$00$00$00$00$00$00$00$00$00$00$00$00$00$00$00$00$00$00'],[0,'$00$00$00$00$00$00$00$00$00$00$00$00$00$00$00$00$00$00$00$00'
				]]],0,[1,0,0,0,0,0],0,[[1,0,0,0,0,0],[0,0,0,0,0,0]],0,[0,0,0,0,0,0,0,0,0,0,0,0,0],[1,0,0,0,0,0],[1,0,0,0,0,0],[1,0,0,0,0,0],[1,0,0,0,0,0],0,0,0,0,0,0,0,0,0,0,0,[0,'$00$00$00$00$00$00$00$00$00$00$00$00$00$00$00$00$00$00$00$00'
				],0,[0,'$00$00$00$00$00$00$00$00$00$00$00$00$00$00$00$00$00$00$00$00'],0,[0,'$00$00$00$00$00$00$00$00$00$00$00$00$00$00$00$00$00$00$00$00'
				],0,[0,'$00$00$00$00$00$00$00$00$00$00$00$00$00$00$00$00$00$00$00$00'],[1,0,0,0,0,0],[1,0,0,0,0,0],[1,0,0,0,0
				,0]],[0,'$00$00$00$00$00$00$00$00$00$00$00$00$00$00$00$00$00$00$00$00$00$00$00$00$00$00$00$00$00$00$00$00$00$00$00$00$00$00$00$00$00$00$00$00$00$00$00$00$00$00$00$00$00$00$00$00$00$00$00$00$00$00$00$00$00$00$00$00$00$00$00$00$00$00$00$00$00$00$00$00$00$00'
				],[[0,'$00$00$00$00$00$00$00$00$00$00$00$00$00$00$00$00$00$00$00$00$00$00$00$00$00'],[0,'$00$00$00$00$00$00$00$00$00$00$00$00$00$00$00$00$00$00$00$00'
				],[0,'$00$00$00$00$00$00$00$00$00$00$00$00$00$00$00$00$00$00$00$00'],0,0,0,0,[0,'$00$00$00$00$00$00$00$00$00$00$00$00$00$00$00$00$00$00$00$00$00$00$00$00$00'
				],0,0,0,0,0,0,0,0,0,[0,0,0,0,0,0,0,0,0,0,0,0,0,0,0,0,0,0,0,0]],[0],[0,0,0,0,0,0,0,0,0,0]],[0,0,0,[0,0,0],0]];
		pMES_Name_OEMTakeInOut : Ludt_MES_Main (Class := Standard) := [0,0,[0,'$00$00$00$00$00$00$00$00$00$00$00$00$00$00$00$00$00$00$00$00$00$00$00$00$00$00$00$00$00$00$00$00$00$00$00$00$00$00$00$00$00$00$00$00$00$00$00$00$00$00$00$00$00$00$00$00$00$00$00$00$00$00$00$00$00$00$00$00$00$00$00$00$00$00$00$00$00$00$00$00$00$00'
				],[0,0],[[1,[[[[0,'$00$00$00$00$00$00$00$00$00$00$00$00$00$00$00$00$00$00$00$00$00$00$00$00$00'
				],[0,'$00$00$00$00$00$00$00$00$00$00$00$00$00$00$00$00$00$00$00$00'],[0,'$00$00$00$00$00$00$00$00$00$00$00$00$00$00$00$00$00$00$00$00'
				],0,0,0,0,[0,'$00$00$00$00$00$00$00$00$00$00$00$00$00$00$00$00$00$00$00$00$00$00$00$00$00'
				],0,0,0,0,0,0],0],[[[0,'$00$00$00$00$00$00$00$00$00$00$00$00$00$00$00$00$00$00$00$00$00$00$00$00$00'
				],[0,'$00$00$00$00$00$00$00$00$00$00$00$00$00$00$00$00$00$00$00$00'],[0,'$00$00$00$00$00$00$00$00$00$00$00$00$00$00$00$00$00$00$00$00'
				],0,0,0,0,[0,'$00$00$00$00$00$00$00$00$00$00$00$00$00$00$00$00$00$00$00$00$00$00$00$00$00'
				],0,0,0,0,0,0],[0,'$00$00$00$00$00$00$00$00$00$00$00$00$00$00$00$00$00$00$00$00'],[0,'$00$00$00$00$00$00$00$00$00$00$00$00$00$00$00$00$00$00$00$00'
				],[0,'$00$00$00$00$00$00$00$00$00$00$00$00$00$00$00$00$00$00$00$00'],[0,'$00$00$00$00$00$00$00$00$00$00$00$00$00$00$00$00$00$00$00$00'
				]]],0,[1,0,0,0,0,0],0,[[1,0,0,0,0,0],[0,0,0,0,0,0]],0,[0,0,0,0,0,0,0,0,0,0,0,0,0],[1,0,0,0,0,0],[1,0,0,0,0,0],[1,0,0,0,0,0],[1,0,0,0,0,0],0,0,0,0,0,0,0,0,0,0,0,[0,'$00$00$00$00$00$00$00$00$00$00$00$00$00$00$00$00$00$00$00$00'
				],0,[0,'$00$00$00$00$00$00$00$00$00$00$00$00$00$00$00$00$00$00$00$00'],0,[0,'$00$00$00$00$00$00$00$00$00$00$00$00$00$00$00$00$00$00$00$00'
				],0,[0,'$00$00$00$00$00$00$00$00$00$00$00$00$00$00$00$00$00$00$00$00'],[1,0,0,0,0,0],[1,0,0,0,0,0],[1,0,0,0,0
				,0]],[0,'$00$00$00$00$00$00$00$00$00$00$00$00$00$00$00$00$00$00$00$00$00$00$00$00$00$00$00$00$00$00$00$00$00$00$00$00$00$00$00$00$00$00$00$00$00$00$00$00$00$00$00$00$00$00$00$00$00$00$00$00$00$00$00$00$00$00$00$00$00$00$00$00$00$00$00$00$00$00$00$00$00$00'
				],[[0,'$00$00$00$00$00$00$00$00$00$00$00$00$00$00$00$00$00$00$00$00$00$00$00$00$00'],[0,'$00$00$00$00$00$00$00$00$00$00$00$00$00$00$00$00$00$00$00$00'
				],[0,'$00$00$00$00$00$00$00$00$00$00$00$00$00$00$00$00$00$00$00$00'],0,0,0,0,[0,'$00$00$00$00$00$00$00$00$00$00$00$00$00$00$00$00$00$00$00$00$00$00$00$00$00'
				],0,0,0,0,0,0,0,0,0,[0,0,0,0,0,0,0,0,0,0,0,0,0,0,0,0,0,0,0,0]],[0],[0,0,0,0,0,0,0,0,0,0]],[[1,[[[[0,'$00$00$00$00$00$00$00$00$00$00$00$00$00$00$00$00$00$00$00$00$00$00$00$00$00'
				],[0,'$00$00$00$00$00$00$00$00$00$00$00$00$00$00$00$00$00$00$00$00'],[0,'$00$00$00$00$00$00$00$00$00$00$00$00$00$00$00$00$00$00$00$00'
				],0,0,0,0,[0,'$00$00$00$00$00$00$00$00$00$00$00$00$00$00$00$00$00$00$00$00$00$00$00$00$00'
				],0,0,0,0,0,0],0],[[[0,'$00$00$00$00$00$00$00$00$00$00$00$00$00$00$00$00$00$00$00$00$00$00$00$00$00'
				],[0,'$00$00$00$00$00$00$00$00$00$00$00$00$00$00$00$00$00$00$00$00'],[0,'$00$00$00$00$00$00$00$00$00$00$00$00$00$00$00$00$00$00$00$00'
				],0,0,0,0,[0,'$00$00$00$00$00$00$00$00$00$00$00$00$00$00$00$00$00$00$00$00$00$00$00$00$00'
				],0,0,0,0,0,0],[0,'$00$00$00$00$00$00$00$00$00$00$00$00$00$00$00$00$00$00$00$00'],[0,'$00$00$00$00$00$00$00$00$00$00$00$00$00$00$00$00$00$00$00$00'
				],[0,'$00$00$00$00$00$00$00$00$00$00$00$00$00$00$00$00$00$00$00$00'],[0,'$00$00$00$00$00$00$00$00$00$00$00$00$00$00$00$00$00$00$00$00'
				]]],0,[1,0,0,0,0,0],0,[[1,0,0,0,0,0],[0,0,0,0,0,0]],0,[0,0,0,0,0,0,0,0,0,0,0,0,0],[1,0,0,0,0,0],[1,0,0,0,0,0],[1,0,0,0,0,0],[1,0,0,0,0,0],0,0,0,0,0,0,0,0,0,0,0,[0,'$00$00$00$00$00$00$00$00$00$00$00$00$00$00$00$00$00$00$00$00'
				],0,[0,'$00$00$00$00$00$00$00$00$00$00$00$00$00$00$00$00$00$00$00$00'],0,[0,'$00$00$00$00$00$00$00$00$00$00$00$00$00$00$00$00$00$00$00$00'
				],0,[0,'$00$00$00$00$00$00$00$00$00$00$00$00$00$00$00$00$00$00$00$00'],[1,0,0,0,0,0],[1,0,0,0,0,0],[1,0,0,0,0
				,0]],[0,'$00$00$00$00$00$00$00$00$00$00$00$00$00$00$00$00$00$00$00$00$00$00$00$00$00$00$00$00$00$00$00$00$00$00$00$00$00$00$00$00$00$00$00$00$00$00$00$00$00$00$00$00$00$00$00$00$00$00$00$00$00$00$00$00$00$00$00$00$00$00$00$00$00$00$00$00$00$00$00$00$00$00'
				],[[0,'$00$00$00$00$00$00$00$00$00$00$00$00$00$00$00$00$00$00$00$00$00$00$00$00$00'],[0,'$00$00$00$00$00$00$00$00$00$00$00$00$00$00$00$00$00$00$00$00'
				],[0,'$00$00$00$00$00$00$00$00$00$00$00$00$00$00$00$00$00$00$00$00'],0,0,0,0,[0,'$00$00$00$00$00$00$00$00$00$00$00$00$00$00$00$00$00$00$00$00$00$00$00$00$00'
				],0,0,0,0,0,0,0,0,0,[0,0,0,0,0,0,0,0,0,0,0,0,0,0,0,0,0,0,0,0]],[0],[0,0,0,0,0,0,0,0,0,0]],[0,0,0,[0,0,0],0]];
		pMES_Name_OrderBooking : Ludt_MES_Main (Class := Standard) := [0,0,[0,'$00$00$00$00$00$00$00$00$00$00$00$00$00$00$00$00$00$00$00$00$00$00$00$00$00$00$00$00$00$00$00$00$00$00$00$00$00$00$00$00$00$00$00$00$00$00$00$00$00$00$00$00$00$00$00$00$00$00$00$00$00$00$00$00$00$00$00$00$00$00$00$00$00$00$00$00$00$00$00$00$00$00'
				],[0,0],[[1,[[[[0,'$00$00$00$00$00$00$00$00$00$00$00$00$00$00$00$00$00$00$00$00$00$00$00$00$00'
				],[0,'$00$00$00$00$00$00$00$00$00$00$00$00$00$00$00$00$00$00$00$00'],[0,'$00$00$00$00$00$00$00$00$00$00$00$00$00$00$00$00$00$00$00$00'
				],0,0,0,0,[0,'$00$00$00$00$00$00$00$00$00$00$00$00$00$00$00$00$00$00$00$00$00$00$00$00$00'
				],0,0,0,0,0,0],0],[[[0,'$00$00$00$00$00$00$00$00$00$00$00$00$00$00$00$00$00$00$00$00$00$00$00$00$00'
				],[0,'$00$00$00$00$00$00$00$00$00$00$00$00$00$00$00$00$00$00$00$00'],[0,'$00$00$00$00$00$00$00$00$00$00$00$00$00$00$00$00$00$00$00$00'
				],0,0,0,0,[0,'$00$00$00$00$00$00$00$00$00$00$00$00$00$00$00$00$00$00$00$00$00$00$00$00$00'
				],0,0,0,0,0,0],[0,'$00$00$00$00$00$00$00$00$00$00$00$00$00$00$00$00$00$00$00$00'],[0,'$00$00$00$00$00$00$00$00$00$00$00$00$00$00$00$00$00$00$00$00'
				],[0,'$00$00$00$00$00$00$00$00$00$00$00$00$00$00$00$00$00$00$00$00'],[0,'$00$00$00$00$00$00$00$00$00$00$00$00$00$00$00$00$00$00$00$00'
				]]],0,[1,0,0,0,0,0],0,[[1,0,0,0,0,0],[0,0,0,0,0,0]],0,[0,0,0,0,0,0,0,0,0,0,0,0,0],[1,0,0,0,0,0],[1,0,0,0,0,0],[1,0,0,0,0,0],[1,0,0,0,0,0],0,0,0,0,0,0,0,0,0,0,0,[0,'$00$00$00$00$00$00$00$00$00$00$00$00$00$00$00$00$00$00$00$00'
				],0,[0,'$00$00$00$00$00$00$00$00$00$00$00$00$00$00$00$00$00$00$00$00'],0,[0,'$00$00$00$00$00$00$00$00$00$00$00$00$00$00$00$00$00$00$00$00'
				],0,[0,'$00$00$00$00$00$00$00$00$00$00$00$00$00$00$00$00$00$00$00$00'],[1,0,0,0,0,0],[1,0,0,0,0,0],[1,0,0,0,0
				,0]],[0,'$00$00$00$00$00$00$00$00$00$00$00$00$00$00$00$00$00$00$00$00$00$00$00$00$00$00$00$00$00$00$00$00$00$00$00$00$00$00$00$00$00$00$00$00$00$00$00$00$00$00$00$00$00$00$00$00$00$00$00$00$00$00$00$00$00$00$00$00$00$00$00$00$00$00$00$00$00$00$00$00$00$00'
				],[[0,'$00$00$00$00$00$00$00$00$00$00$00$00$00$00$00$00$00$00$00$00$00$00$00$00$00'],[0,'$00$00$00$00$00$00$00$00$00$00$00$00$00$00$00$00$00$00$00$00'
				],[0,'$00$00$00$00$00$00$00$00$00$00$00$00$00$00$00$00$00$00$00$00'],0,0,0,0,[0,'$00$00$00$00$00$00$00$00$00$00$00$00$00$00$00$00$00$00$00$00$00$00$00$00$00'
				],0,0,0,0,0,0,0,0,0,[0,0,0,0,0,0,0,0,0,0,0,0,0,0,0,0,0,0,0,0]],[0],[0,0,0,0,0,0,0,0,0,0]],[[1,[[[[0,'$00$00$00$00$00$00$00$00$00$00$00$00$00$00$00$00$00$00$00$00$00$00$00$00$00'
				],[0,'$00$00$00$00$00$00$00$00$00$00$00$00$00$00$00$00$00$00$00$00'],[0,'$00$00$00$00$00$00$00$00$00$00$00$00$00$00$00$00$00$00$00$00'
				],0,0,0,0,[0,'$00$00$00$00$00$00$00$00$00$00$00$00$00$00$00$00$00$00$00$00$00$00$00$00$00'
				],0,0,0,0,0,0],0],[[[0,'$00$00$00$00$00$00$00$00$00$00$00$00$00$00$00$00$00$00$00$00$00$00$00$00$00'
				],[0,'$00$00$00$00$00$00$00$00$00$00$00$00$00$00$00$00$00$00$00$00'],[0,'$00$00$00$00$00$00$00$00$00$00$00$00$00$00$00$00$00$00$00$00'
				],0,0,0,0,[0,'$00$00$00$00$00$00$00$00$00$00$00$00$00$00$00$00$00$00$00$00$00$00$00$00$00'
				],0,0,0,0,0,0],[0,'$00$00$00$00$00$00$00$00$00$00$00$00$00$00$00$00$00$00$00$00'],[0,'$00$00$00$00$00$00$00$00$00$00$00$00$00$00$00$00$00$00$00$00'
				],[0,'$00$00$00$00$00$00$00$00$00$00$00$00$00$00$00$00$00$00$00$00'],[0,'$00$00$00$00$00$00$00$00$00$00$00$00$00$00$00$00$00$00$00$00'
				]]],0,[1,0,0,0,0,0],0,[[1,0,0,0,0,0],[0,0,0,0,0,0]],0,[0,0,0,0,0,0,0,0,0,0,0,0,0],[1,0,0,0,0,0],[1,0,0,0,0,0],[1,0,0,0,0,0],[1,0,0,0,0,0],0,0,0,0,0,0,0,0,0,0,0,[0,'$00$00$00$00$00$00$00$00$00$00$00$00$00$00$00$00$00$00$00$00'
				],0,[0,'$00$00$00$00$00$00$00$00$00$00$00$00$00$00$00$00$00$00$00$00'],0,[0,'$00$00$00$00$00$00$00$00$00$00$00$00$00$00$00$00$00$00$00$00'
				],0,[0,'$00$00$00$00$00$00$00$00$00$00$00$00$00$00$00$00$00$00$00$00'],[1,0,0,0,0,0],[1,0,0,0,0,0],[1,0,0,0,0
				,0]],[0,'$00$00$00$00$00$00$00$00$00$00$00$00$00$00$00$00$00$00$00$00$00$00$00$00$00$00$00$00$00$00$00$00$00$00$00$00$00$00$00$00$00$00$00$00$00$00$00$00$00$00$00$00$00$00$00$00$00$00$00$00$00$00$00$00$00$00$00$00$00$00$00$00$00$00$00$00$00$00$00$00$00$00'
				],[[0,'$00$00$00$00$00$00$00$00$00$00$00$00$00$00$00$00$00$00$00$00$00$00$00$00$00'],[0,'$00$00$00$00$00$00$00$00$00$00$00$00$00$00$00$00$00$00$00$00'
				],[0,'$00$00$00$00$00$00$00$00$00$00$00$00$00$00$00$00$00$00$00$00'],0,0,0,0,[0,'$00$00$00$00$00$00$00$00$00$00$00$00$00$00$00$00$00$00$00$00$00$00$00$00$00'
				],0,0,0,0,0,0,0,0,0,[0,0,0,0,0,0,0,0,0,0,0,0,0,0,0,0,0,0,0,0]],[0],[0,0,0,0,0,0,0,0,0,0]],[0,0,0,[0,0,0],0]];
		pMES_Name_OrderDataRequest : Ludt_MES_Main (Class := Standard) := [0,0,[0,'$00$00$00$00$00$00$00$00$00$00$00$00$00$00$00$00$00$00$00$00$00$00$00$00$00$00$00$00$00$00$00$00$00$00$00$00$00$00$00$00$00$00$00$00$00$00$00$00$00$00$00$00$00$00$00$00$00$00$00$00$00$00$00$00$00$00$00$00$00$00$00$00$00$00$00$00$00$00$00$00$00$00'
				],[0,0],[[1,[[[[0,'$00$00$00$00$00$00$00$00$00$00$00$00$00$00$00$00$00$00$00$00$00$00$00$00$00'
				],[0,'$00$00$00$00$00$00$00$00$00$00$00$00$00$00$00$00$00$00$00$00'],[0,'$00$00$00$00$00$00$00$00$00$00$00$00$00$00$00$00$00$00$00$00'
				],0,0,0,0,[0,'$00$00$00$00$00$00$00$00$00$00$00$00$00$00$00$00$00$00$00$00$00$00$00$00$00'
				],0,0,0,0,0,0],0],[[[0,'$00$00$00$00$00$00$00$00$00$00$00$00$00$00$00$00$00$00$00$00$00$00$00$00$00'
				],[0,'$00$00$00$00$00$00$00$00$00$00$00$00$00$00$00$00$00$00$00$00'],[0,'$00$00$00$00$00$00$00$00$00$00$00$00$00$00$00$00$00$00$00$00'
				],0,0,0,0,[0,'$00$00$00$00$00$00$00$00$00$00$00$00$00$00$00$00$00$00$00$00$00$00$00$00$00'
				],0,0,0,0,0,0],[0,'$00$00$00$00$00$00$00$00$00$00$00$00$00$00$00$00$00$00$00$00'],[0,'$00$00$00$00$00$00$00$00$00$00$00$00$00$00$00$00$00$00$00$00'
				],[0,'$00$00$00$00$00$00$00$00$00$00$00$00$00$00$00$00$00$00$00$00'],[0,'$00$00$00$00$00$00$00$00$00$00$00$00$00$00$00$00$00$00$00$00'
				]]],0,[1,0,0,0,0,0],0,[[1,0,0,0,0,0],[0,0,0,0,0,0]],0,[0,0,0,0,0,0,0,0,0,0,0,0,0],[1,0,0,0,0,0],[1,0,0,0,0,0],[1,0,0,0,0,0],[1,0,0,0,0,0],0,0,0,0,0,0,0,0,0,0,0,[0,'$00$00$00$00$00$00$00$00$00$00$00$00$00$00$00$00$00$00$00$00'
				],0,[0,'$00$00$00$00$00$00$00$00$00$00$00$00$00$00$00$00$00$00$00$00'],0,[0,'$00$00$00$00$00$00$00$00$00$00$00$00$00$00$00$00$00$00$00$00'
				],0,[0,'$00$00$00$00$00$00$00$00$00$00$00$00$00$00$00$00$00$00$00$00'],[1,0,0,0,0,0],[1,0,0,0,0,0],[1,0,0,0,0
				,0]],[0,'$00$00$00$00$00$00$00$00$00$00$00$00$00$00$00$00$00$00$00$00$00$00$00$00$00$00$00$00$00$00$00$00$00$00$00$00$00$00$00$00$00$00$00$00$00$00$00$00$00$00$00$00$00$00$00$00$00$00$00$00$00$00$00$00$00$00$00$00$00$00$00$00$00$00$00$00$00$00$00$00$00$00'
				],[[0,'$00$00$00$00$00$00$00$00$00$00$00$00$00$00$00$00$00$00$00$00$00$00$00$00$00'],[0,'$00$00$00$00$00$00$00$00$00$00$00$00$00$00$00$00$00$00$00$00'
				],[0,'$00$00$00$00$00$00$00$00$00$00$00$00$00$00$00$00$00$00$00$00'],0,0,0,0,[0,'$00$00$00$00$00$00$00$00$00$00$00$00$00$00$00$00$00$00$00$00$00$00$00$00$00'
				],0,0,0,0,0,0,0,0,0,[0,0,0,0,0,0,0,0,0,0,0,0,0,0,0,0,0,0,0,0]],[0],[0,0,0,0,0,0,0,0,0,0]],[[1,[[[[0,'$00$00$00$00$00$00$00$00$00$00$00$00$00$00$00$00$00$00$00$00$00$00$00$00$00'
				],[0,'$00$00$00$00$00$00$00$00$00$00$00$00$00$00$00$00$00$00$00$00'],[0,'$00$00$00$00$00$00$00$00$00$00$00$00$00$00$00$00$00$00$00$00'
				],0,0,0,0,[0,'$00$00$00$00$00$00$00$00$00$00$00$00$00$00$00$00$00$00$00$00$00$00$00$00$00'
				],0,0,0,0,0,0],0],[[[0,'$00$00$00$00$00$00$00$00$00$00$00$00$00$00$00$00$00$00$00$00$00$00$00$00$00'
				],[0,'$00$00$00$00$00$00$00$00$00$00$00$00$00$00$00$00$00$00$00$00'],[0,'$00$00$00$00$00$00$00$00$00$00$00$00$00$00$00$00$00$00$00$00'
				],0,0,0,0,[0,'$00$00$00$00$00$00$00$00$00$00$00$00$00$00$00$00$00$00$00$00$00$00$00$00$00'
				],0,0,0,0,0,0],[0,'$00$00$00$00$00$00$00$00$00$00$00$00$00$00$00$00$00$00$00$00'],[0,'$00$00$00$00$00$00$00$00$00$00$00$00$00$00$00$00$00$00$00$00'
				],[0,'$00$00$00$00$00$00$00$00$00$00$00$00$00$00$00$00$00$00$00$00'],[0,'$00$00$00$00$00$00$00$00$00$00$00$00$00$00$00$00$00$00$00$00'
				]]],0,[1,0,0,0,0,0],0,[[1,0,0,0,0,0],[0,0,0,0,0,0]],0,[0,0,0,0,0,0,0,0,0,0,0,0,0],[1,0,0,0,0,0],[1,0,0,0,0,0],[1,0,0,0,0,0],[1,0,0,0,0,0],0,0,0,0,0,0,0,0,0,0,0,[0,'$00$00$00$00$00$00$00$00$00$00$00$00$00$00$00$00$00$00$00$00'
				],0,[0,'$00$00$00$00$00$00$00$00$00$00$00$00$00$00$00$00$00$00$00$00'],0,[0,'$00$00$00$00$00$00$00$00$00$00$00$00$00$00$00$00$00$00$00$00'
				],0,[0,'$00$00$00$00$00$00$00$00$00$00$00$00$00$00$00$00$00$00$00$00'],[1,0,0,0,0,0],[1,0,0,0,0,0],[1,0,0,0,0
				,0]],[0,'$00$00$00$00$00$00$00$00$00$00$00$00$00$00$00$00$00$00$00$00$00$00$00$00$00$00$00$00$00$00$00$00$00$00$00$00$00$00$00$00$00$00$00$00$00$00$00$00$00$00$00$00$00$00$00$00$00$00$00$00$00$00$00$00$00$00$00$00$00$00$00$00$00$00$00$00$00$00$00$00$00$00'
				],[[0,'$00$00$00$00$00$00$00$00$00$00$00$00$00$00$00$00$00$00$00$00$00$00$00$00$00'],[0,'$00$00$00$00$00$00$00$00$00$00$00$00$00$00$00$00$00$00$00$00'
				],[0,'$00$00$00$00$00$00$00$00$00$00$00$00$00$00$00$00$00$00$00$00'],0,0,0,0,[0,'$00$00$00$00$00$00$00$00$00$00$00$00$00$00$00$00$00$00$00$00$00$00$00$00$00'
				],0,0,0,0,0,0,0,0,0,[0,0,0,0,0,0,0,0,0,0,0,0,0,0,0,0,0,0,0,0]],[0],[0,0,0,0,0,0,0,0,0,0]],[0,0,0,[0,0,0],0]];