		Line_Name_StdIn : udt_StdProdCons (Class := Standard) := [[0],[0,0,0,0,0,0,0],[0,0,0],[0,0,0,0,0,0,0,0,0,0,0,0,0,0,0,0,[0,0,0],[0,0,0],[0,0],0],[0,0,0,0,0],[0,0,0,0],[[0,'$00$00$00$00$00$00$00$00$00$00$00$00$00$00$00$00$00$00$00$00$00$00$00$00$00'
				],[0,'$00$00$00$00$00$00$00$00$00$00$00$00$00$00$00$00$00$00$00$00'],[0,'$00$00$00$00$00$00$00$00$00$00$00$00$00$00$00$00$00$00$00$00'
				],0,0,0,0,[0,'$00$00$00$00$00$00$00$00$00$00$00$00$00$00$00$00$00$00$00$00$00$00$00$00$00'
				],0,0,0,0,0,0,0,0,0,[0,0,0,0,0,0,0,0,0,0,0,0,0,0,0,0,0,0,0,0]],0,0];
		Line_Name_StdInIntlk : udt_StdProdCons (Class := Standard) := [[0],[0,0,0,0,0,0,0],[0,0,0],[0,0,0,0,0,0,0,0,0,0,0,0,0,0,0,0,[0,0,0],[0,0,0],[0,0],0],[0,0,0,0,0],[0,0,0,0],[[0,'$00$00$00$00$00$00$00$00$00$00$00$00$00$00$00$00$00$00$00$00$00$00$00$00$00'
				],[0,'$00$00$00$00$00$00$00$00$00$00$00$00$00$00$00$00$00$00$00$00'],[0,'$00$00$00$00$00$00$00$00$00$00$00$00$00$00$00$00$00$00$00$00'
				],0,0,0,0,[0,'$00$00$00$00$00$00$00$00$00$00$00$00$00$00$00$00$00$00$00$00$00$00$00$00$00'
				],0,0,0,0,0,0,0,0,0,[0,0,0,0,0,0,0,0,0,0,0,0,0,0,0,0,0,0,0,0]],0,0];
		Line_Name_StdOut : udt_StdProdCons (Class := Standard) := [[0],[0,0,0,0,0,0,0],[-128,0,0],[0,0,0,0,0,0,0,0,0,0,0,0,0,0,0,0,[0,0,0],[0,0,0],[0,0],0],[0,0,0,0,0],[0,0,0,0],[[0,'$00$00$00$00$00$00$00$00$00$00$00$00$00$00$00$00$00$00$00$00$00$00$00$00$00'
				],[0,'$00$00$00$00$00$00$00$00$00$00$00$00$00$00$00$00$00$00$00$00'],[0,'$00$00$00$00$00$00$00$00$00$00$00$00$00$00$00$00$00$00$00$00'
				],0,0,0,0,[0,'$00$00$00$00$00$00$00$00$00$00$00$00$00$00$00$00$00$00$00$00$00$00$00$00$00'
				],0,0,0,0,0,0,0,0,0,[0,0,0,0,0,0,0,0,0,0,0,0,0,0,0,0,0,0,0,0]],0,0];
		Line_Name_StdOutIntlk : udt_StdProdCons (Class := Standard) := [[0],[0,0,0,0,0,0,0],[-128,0,0],[0,0,0,0,0,0,0,0,0,0,0,0,0,0,0,0,[0,0,0],[0,0,0],[0,0],0],[0,0,0,0,0],[0,0,0,0],[[0,'$00$00$00$00$00$00$00$00$00$00$00$00$00$00$00$00$00$00$00$00$00$00$00$00$00'
				],[0,'$00$00$00$00$00$00$00$00$00$00$00$00$00$00$00$00$00$00$00$00'],[0,'$00$00$00$00$00$00$00$00$00$00$00$00$00$00$00$00$00$00$00$00'
				],0,0,0,0,[0,'$00$00$00$00$00$00$00$00$00$00$00$00$00$00$00$00$00$00$00$00$00$00$00$00$00'
				],0,0,0,0,0,0,0,0,0,[0,0,0,0,0,0,0,0,0,0,0,0,0,0,0,0,0,0,0,0]],0,0];